# oST version 5.0 parameters


[image]

width
640

height
480

[narrow_stereo]

camera matrix
797.518624 0.000000 320.974415
0.000000 787.564568 275.516615
0.000000 0.000000 1.000000

distortion
-0.108235 0.083477 0.006306 0.006752 0.000000

rectification
1.000000 0.000000 0.000000
0.000000 1.000000 0.000000
0.000000 0.000000 1.000000

projection
783.996704 0.000000 323.307536 0.000000
0.000000 776.901062 277.005608 0.000000
0.000000 0.000000 1.000000 0.000000

